-276  8022.49  3254.06
3171  6314.82  1361.81
2100  4544.68  1172
-3592  5480.94  3364.3
2030  5071.09  1788.81
2939  6313.95  1383.85
-321  5098.85  2614.04
-1805  5317.95  3110.63
-865  3978.16  3182.91
2926  6364.79  1322.82
-785  5088.49  2581.16
-1629  6375.05  3133.15
-677  5296.97  3199
828  5008.46  2718.2
-264  3948.66  3234.44
-310  3445.53  3249.68
-809  5805.98  3199.4
579  5216.74  2889.91
2427  6329.66  1312.16
2967  6311.7  1265.05
1778  6333.8  1160.9
2178  5475.3  1514.43
2278  4949  880.705
2299  4752.85  843.666
93.9998  5028.33  2651.15
-828  3413.25  3166.11
-1581  7143.31  3145.82
-1178  6342.23  3172.49
-1122  5374.64  3180.74
208  5071.44  2664.71
2901  6314.49  1295.22
2126  6228.31  982.141
2146  6298.78  926.082
2191  6340.13  809.057
-2027  3793.37  3075.39
