-1886  8454.07  3118.68
-213  6022.24  3256.29
-139  5556.88  3256.75
920  5140.21  2728.88
-644  4161.91  3188.31
-1235  3466.15  3139.12
-1034  6887.72  3188.93
-586  5855.35  3213.07
-541  5323.86  3219.22
611  4918.1  2700.36
-1119  3743.68  3153.12
-2419  2298.98  3040.1
3157  6311.75  1438.1
-1148  6828.65  3174.77
-1117  5597.81  3193.06
-1403  4294.34  3132.34
-1952  7847.47  3118.74
-343  5781.3  3196.97
-184  3994.06  3234.27
-241  3205.96  3162.41
-1849  7859.8  3136.05
-1526  5687.22  3146.13
-1979  7596.82  3110.6
-20  5016.74  2645.49
-2813  8385.17  3059
-960  5062.44  2572.26
3033  6316.08  1352.36
-3834  5190.92  2384.58
-1541  8330.53  3137.55
-528  6802.52  3201.6
-2587  5432.59  3044.7
-2680  6884.39  3084.42
-1877  4242.1  3097.07
