camerapoint 1.53835 -0.952304 4.668
camerapoint 2.12768 -0.657986 4.653
camerapoint 2.67001 -0.502702 4.723
camerapoint 2.44501 -0.2432 4.242
camerapoint -0.223809 0.507604 4.118
camerapoint -0.736019 0.520733 3.971
camerapoint -1.16456 0.402462 3.789
camerapoint -1.43012 0.3258 3.631
camerapoint -1.77338 0.119516 3.378
camerapoint -2.1372 -0.157798 3.182
camerapoint -2.02984 -0.471254 2.934
camerapoint -0.831557 -0.137491 2.965
camerapoint -0.333483 -0.0586257 3.054
camerapoint -0.00693524 -0.0661275 3.011
camerapoint 0.408812 -0.117592 2.862
camerapoint 0.822646 -0.276392 2.817
camerapoint 1.17975 -0.484476 2.659
camerapoint -0.871891 -0.245392 3.595
camerapoint -1.32419 -0.125317 3.835
camerapoint -1.86135 -0.0438783 4.031
camerapoint -2.38603 -0.0344829 4.209
camerapoint -2.65059 -0.081122 4.227
camerapoint -2.83352 0.274347 4.143
camerapoint -2.79225 0.412201 4.154
camerapoint -2.89601 0.453841 4.212
camerapoint -2.99125 0.366705 4.276
camerapoint -0.64728 -0.271374 0.915
camerapoint -0.558888 -0.533136 5.123
camerapoint 1.57883 -0.933427 3.946
camerapoint 0.957802 -0.694261 4.173
camerapoint 0.36372 -0.548648 4.263
camerapoint 0.0487603 -0.527423 4.277
camerapoint -0.398234 -0.529619 4.298
camerapoint -0.799412 -0.627129 4.252
camerapoint -1.17611 -0.792882 4.16
camerapoint -1.48974 -0.998033 4.034
camerapoint 1.56309 -0.720657 4.016
camerapoint 2.16667 -0.679427 4.228
camerapoint 2.49786 -0.650163 4.244
camerapoint -0.710061 -1.29345 4.358
camerapoint 0.761246 -0.783114 4.346
camerapoint 1.48124 -0.715023 4.53
camerapoint 2.09034 -0.721022 4.571
camerapoint 2.41783 -0.732127 4.474
camerapoint 0.00173783 -0.162355 3.944
camerapoint -2.35252 -3.74699e-005 3.7
camerapoint 1.14104 -0.724844 4.746
camerapoint 1.6894 -0.622371 5.081
camerapoint 2.15302 -0.63516 5.309
camerapoint 2.42176 -0.678663 5.426
camerapoint 2.76367 -0.791121 5.483
camerapoint 0.543561 -0.507176 4.212
camerapoint 0.165156 -0.431575 4.255
camerapoint -0.148956 -0.406093 4.232
camerapoint -0.481939 -0.49535 4.208
camerapoint -0.682801 -0.593391 4.175
camerapoint -0.952721 -0.776962 4.072
camerapoint 0.597613 -0.711472 3.523
camerapoint 1.46459 -0.26875 3.66
camerapoint 0.631925 0.987334 3.854
camerapoint -0.218625 0.770778 3.663
camerapoint -0.470678 0.653133 3.677
camerapoint -0.810552 0.415684 3.542
camerapoint -1.13358 0.12916 3.389
camerapoint -1.30666 -0.0872362 3.207
camerapoint -1.56049 -0.466955 2.954
camerapoint 0.537934 -0.296387 2.93
camerapoint -0.717025 -0.339013 2.958
camerapoint -1.05611 -0.421393 2.923
camerapoint 2.14205 -0.322135 3.809
camerapoint 1.08962 -0.414498 3.802
camerapoint 0.513347 -0.35823 3.739
camerapoint 0.0417359 -0.411318 3.66
camerapoint -0.392773 -0.538616 3.516
camerapoint -0.784486 -0.694598 3.354
camerapoint -0.00842343 -0.772735 3.671
camerapoint 0.437172 -0.669856 4.082
camerapoint 1.06123 -0.547559 4.363
camerapoint 1.53861 -0.503845 4.627
camerapoint 1.82931 -0.540501 4.732
camerapoint 2.20792 -0.613502 4.8
camerapoint 0.0918766 -0.776883 4.116
camerapoint -1.49219 -0.832357 3.925
camerapoint -0.0680235 -0.710635 4.256
camerapoint 0.500279 -0.649145 4.238
camerapoint 2.94433 -1.0885 4.306
camerapoint 0.808423 -0.678009 4.281
camerapoint -0.999916 -0.540297 4.126
camerapoint -1.44002 -0.650457 3.986
camerapoint -1.85009 -0.811483 3.821
camerapoint 1.3242 -0.790146 3.265
camerapoint 1.87495 -0.860871 3.064
camerapoint 1.81439 2.24621 5.501
camerapoint 1.55194 2.30167 5.53
camerapoint 1.42394 2.27737 5.621
camerapoint 1.33124 2.18946 5.554
camerapoint 1.23147 2.04834 5.581
camerapoint 1.06733 1.81924 5.438
camerapoint 0.909459 1.16838 5.042
camerapoint 0.629971 -0.672327 4.034
camerapoint 0.302524 -0.666093 3.927
camerapoint 0.301356 -0.443854 4.05
camerapoint 0.260348 -0.359753 4.101
camerapoint 0.183007 -0.249175 4.129
camerapoint 0.137007 -0.191571 4.107
camerapoint 0.112287 -0.243168 4.029
camerapoint 0.109933 -0.400362 3.947
camerapoint 0.0541691 -0.566859 3.833
camerapoint 0.0218747 -0.789738 3.704
camerapoint 0.030836 -0.614688 3.565
camerapoint -0.51591 -0.248839 3.635
camerapoint -0.967498 -0.0202273 3.699
camerapoint -1.61394 0.15048 3.691
camerapoint -2.15435 0.0953578 3.484
camerapoint 0.938791 -0.344333 3.507
camerapoint 1.79448 -0.347055 3.542
camerapoint 2.24332 -0.38 3.455
camerapoint -1.43353 -0.378753 3.665
camerapoint -1.14762 -0.528089 3.802
camerapoint -0.7511 -0.763622 3.942
camerapoint -0.354285 -1.03573 3.955
camerapoint -0.729264 -0.792723 3.775
camerapoint -1.2214 -0.637258 3.777
camerapoint -1.54654 -0.597043 3.722
camerapoint -2.34382 -0.684108 3.54
camerapoint 0.255102 -0.448992 4.201
camerapoint 1.77827 -0.456793 4.665
camerapoint 2.35468 -0.52845 4.622
camerapoint 1.46613 -0.259172 4.755
camerapoint 1.08247 -0.118624 4.822
camerapoint 0.55131 0.0401329 4.887
camerapoint -0.77828 -0.0488099 4.455
camerapoint -0.994421 -0.128977 4.291
camerapoint -1.33276 -0.35065 4.153
camerapoint 0.482837 -0.442301 1.826
camerapoint 0.0114532 -0.51319 3.603
camerapoint -0.512957 -0.220601 3.835
camerapoint -1.34905 0.0337298 4.133
camerapoint -1.59646 0.0787464 4.138
camerapoint -1.93042 0.0443775 4.084
camerapoint -2.30649 -0.0905637 4.151
camerapoint 1.73551 -0.614962 3.706
camerapoint 1.54789 0.471421 3.468
camerapoint 0.744837 0.890167 3.371
camerapoint 0.520822 0.949185 3.288
camerapoint 0.195561 0.954108 3.099
camerapoint -0.0939318 0.880626 2.911
camerapoint -0.262172 0.836705 2.843
camerapoint -0.494582 0.604288 2.492
camerapoint -0.741487 0.393059 2.293
camerapoint -0.946993 0.0841118 2.063
camerapoint 1.13257 -0.331538 3.58
camerapoint 1.69812 -0.0794061 3.649
camerapoint 2.19637 0.108227 3.597
camerapoint 1.91209 0.344462 3.837
camerapoint 1.33868 0.521692 3.994
camerapoint 0.52631 0.658396 4.082
camerapoint 0.112363 0.619246 4.039
camerapoint -0.259237 0.489304 3.97
camerapoint -0.594424 0.334616 3.822
camerapoint -0.804683 0.183681 3.735
camerapoint -1.10917 -0.0688437 3.607
camerapoint -1.36024 -0.395668 3.384
camerapoint -1.5859 -0.763642 3.147
camerapoint 0.95317 -0.814629 3.153
camerapoint 0.488598 -0.693773 3.028
camerapoint -0.143749 -0.612432 2.948
camerapoint -0.979942 -0.668984 2.734
camerapoint 0.723762 -0.722593 2.738
camerapoint 1.2474 -0.205192 2.795
camerapoint 0.543938 0.068766 2.795
camerapoint -0.371418 0.274112 2.569
camerapoint -1.50271 0.169066 2.187
camerapoint 0.80633 0.119005 2.57
camerapoint 1.42788 0.0955762 2.701
camerapoint 2.00397 -0.0314441 2.838
camerapoint 1.00002 -0.332926 3.057
camerapoint 0.209494 -0.164779 3.162
camerapoint -0.449879 -0.123919 3.231
camerapoint -1.02545 -0.145437 3.335
camerapoint -1.39031 -0.180782 3.324
camerapoint -1.8564 -0.322749 3.193
camerapoint 1.3107 -0.087312 3.564
camerapoint 1.97492 -0.086251 3.513
camerapoint 0.364626 -0.166843 3.58
camerapoint -0.957264 -0.0759787 3.48
camerapoint -1.56318 -0.125922 3.307
camerapoint -2.05775 -0.260683 3.161
camerapoint -2.25679 -0.482025 3.22
camerapoint -1.38457 -0.132948 3.491
camerapoint 1.31978 0.332582 4.692
camerapoint 1.7815 0.244947 4.74
camerapoint 2.25888 0.131926 4.854
camerapoint 2.49971 -4.85406e-005 4.83
camerapoint 2.85915 -0.277815 4.841
camerapoint -0.5652 -0.331633 3.908
camerapoint -1.28098 -0.229457 3.83
camerapoint -1.90568 -0.211959 3.708
camerapoint -2.3812 -0.256344 3.435
camerapoint -0.571143 0.105206 4.269
camerapoint -0.0842617 0.0985149 4.49
camerapoint 1.03281 -0.309269 4.716
camerapoint 1.35759 -0.570142 4.65
camerapoint 1.50398 0.18587 5.245
camerapoint 1.0236 2.13722 7.071
camerapoint 0.213027 2.65457 5.954
camerapoint -0.612893 2.40233 5.388
camerapoint -0.690107 2.06309 5.093
camerapoint -0.855988 1.52394 4.707
camerapoint -1.10335 0.231494 3.86
camerapoint 0.358347 -0.58827 3.526
camerapoint 0.938912 -0.418835 3.656
camerapoint 1.49907 -0.332813 3.6
camerapoint 1.86927 -0.252955 3.573
camerapoint 1.05122 -0.0294656 3.598
camerapoint -0.609299 0.114496 3.488
camerapoint -1.37999 -0.0891566 3.278
camerapoint -1.76251 -0.265021 3.032
camerapoint -2.01859 -0.436326 2.919
camerapoint 0.536157 -0.100309 3.054
camerapoint 1.20057 0.00905062 3.338
camerapoint -1.00839 -0.00837567 3.064
camerapoint -1.79748 -0.255881 2.825
camerapoint -0.0798421 -0.34084 2.961
camerapoint 1.79534 -0.135934 3.326
camerapoint 0.219075 -0.533869 3.611
camerapoint -0.254143 -0.266055 3.732
camerapoint -0.579825 -0.102049 3.726
camerapoint -0.962664 0.0202634 3.719
camerapoint -1.33404 0.0896704 3.663
camerapoint -1.69322 0.0293533 3.603
camerapoint -1.98171 -0.0649053 3.394
camerapoint 0.672907 -0.653267 2.288
camerapoint -0.620914 -0.615868 2.22
camerapoint 0.669644 -0.792378 4.146
camerapoint 0.144501 -0.560013 4.009
camerapoint -0.332866 -0.428675 3.817
camerapoint -0.734081 -0.3977 3.639
camerapoint -1.12322 -0.414881 3.387
camerapoint -1.34797 -0.485823 3.309
camerapoint -1.63095 -0.648123 2.927
camerapoint 0.0427874 -0.215601 3.023
camerapoint -1.10299 -0.209601 2.963
camerapoint 1.79666 0.0103374 3.816
camerapoint 1.37999 -0.603703 3.7
camerapoint 0.440175 -0.387582 3.725
camerapoint -0.343928 -0.29478 3.709
camerapoint -1.33181 -0.330947 3.578
camerapoint -2.34513 -0.628933 3.386
camerapoint 2.57212 -0.582934 4.863
camerapoint 1.66837 -0.747477 4.506
camerapoint -0.231718 -0.256996 4.259
camerapoint -0.854514 -0.18032 4.122
camerapoint -1.38875 -0.21958 3.842
camerapoint -1.82121 -0.325184 3.621
camerapoint -2.21249 -0.502367 3.378
camerapoint -1.2675 -0.373338 3.917
camerapoint -1.75117 -0.264025 3.884
camerapoint -2.03105 -0.243546 3.889
camerapoint 1.42206 -0.515284 4.614
camerapoint -1.52694 0.133429 4.457
camerapoint 1.66095 0.576401 2.512
camerapoint -1.81325 -0.284158 3.364
camerapoint -1.97524 -0.532566 3.296
camerapoint -0.537013 -0.987497 3.66
camerapoint -1.07286 -0.821109 3.725
camerapoint -1.57737 -0.704042 3.699
camerapoint -2.03049 -0.697322 3.647
camerapoint -2.43775 -0.767245 3.546
camerapoint 1.65856 -0.0884026 4.062
camerapoint 2.81422 -0.141249 4.28
camerapoint -1.41713 0.480778 4.308
camerapoint -2.06198 0.121356 4.056
camerapoint 1.64936 -0.829926 4.555
camerapoint 1.00838 -0.578706 4.608
camerapoint 0.511464 -0.433053 4.65
camerapoint -0.638625 -0.459319 4.417
camerapoint -0.890972 -0.535774 4.359
camerapoint -1.21818 -0.722999 4.149
camerapoint -1.40442 -0.882986 4.009
camerapoint 1.12177 -0.859513 3.551
camerapoint -0.0208761 0.0567051 4.136
camerapoint -0.304243 0.22367 4.294
camerapoint -0.72636 0.41782 4.365
camerapoint -1.09264 0.505142 4.409
camerapoint -1.66189 0.506338 4.433
camerapoint -1.95401 0.384148 4.282
camerapoint -2.12381 0.285663 4.2
camerapoint 0.0255835 -1.01836 4.335
camerapoint -0.537224 -1.04376 4.205
camerapoint 0.217434 0.206011 3.578
camerapoint -0.848607 0.341989 3.58
camerapoint -1.82025 0.212655 3.395
camerapoint -2.22253 0.0544315 3.295
camerapoint -2.44212 0.347087 5.32
camerapoint -0.423301 0.779486 4.32
camerapoint 1.28726 0.584123 4.762
camerapoint 1.87893 0.0642288 4.727
camerapoint 2.02601 -0.177145 4.653
camerapoint 2.19881 -0.555297 4.436
camerapoint 1.20648 -0.94081 4.216
camerapoint 0.717771 -0.59659 4.365
camerapoint 0.026624 -0.258818 4.492
camerapoint -0.331338 -0.197569 4.502
camerapoint -0.682568 -0.207849 4.465
camerapoint -0.858318 -0.262894 4.37
camerapoint -1.17597 -0.396545 4.277
camerapoint -1.67996 -0.867658 3.939
camerapoint -0.610927 -0.933352 3.568
camerapoint 1.40115 -1.41168 4.595
camerapoint 1.33791 -1.63725 5.281
camerapoint 0.219707 -1.30433 5.308
camerapoint -0.196861 -1.28027 5.21
camerapoint -0.560645 -0.857045 3.381
camerapoint -1.169 -0.726889 3.471
camerapoint -1.57942 -0.734039 3.459
camerapoint -1.97383 -0.792028 3.401
camerapoint -1.0372 -0.601539 4.012
camerapoint -1.54322 -0.477992 4.087
camerapoint -1.86211 -0.451903 4.155
camerapoint -2.26754 -0.471886 4.12
camerapoint -2.25548 -0.726392 4.094
camerapoint 0.932162 -0.30563 4.859
camerapoint 1.68606 -0.694212 4.726
camerapoint 2.0262 -0.986829 4.652
camerapoint -0.125059 -0.611526 4.213
camerapoint -2.02422 -0.106108 3.897
camerapoint -2.34749 -0.103071 3.761
camerapoint -3.5106 0.721953 5.01
camerapoint -1.18019 1.00859 3.747
camerapoint -0.891865 0.913277 3.647
camerapoint -0.623027 0.780707 3.578
camerapoint -0.24331 0.362583 3.309
camerapoint 0.114141 -0.314389 2.941
camerapoint 0.25492 -0.682146 3.564
camerapoint -1.10546 -0.251645 3.693
camerapoint -1.52007 -0.268566 3.658
camerapoint -1.89836 -0.342808 3.596
camerapoint -2.26273 -0.535052 3.47
camerapoint -0.809917 -1.00961 3.468
camerapoint 1.59098 -1.02098 3.87
camerapoint 1.40633 -0.92581 3.914
camerapoint -0.97176 -0.395141 3.535
camerapoint -1.37952 -0.410609 3.432
camerapoint -1.88702 -0.447534 3.276
camerapoint -0.186544 -0.158465 3.61
camerapoint 1.37213 -0.0500562 3.677
camerapoint -0.865054 -0.296385 2.79
camerapoint 0.925139 -0.569823 3.171
camerapoint 1.49322 -0.777562 3.323
camerapoint 0.797024 0.549241 3.472
camerapoint 0.0577621 -0.088763 2.94
camerapoint -0.152076 0.298334 3.11
camerapoint -0.870357 1.52863 7.27
camerapoint -0.70835 1.0499 3.673
camerapoint -0.957908 1.26202 3.836
camerapoint -1.16764 1.37128 3.91
camerapoint -1.3086 1.39549 3.917
camerapoint -1.50468 1.38884 3.925
camerapoint -1.6844 1.27761 3.843
camerapoint -1.88225 1.12207 3.771
camerapoint -2.0636 0.877923 3.645
camerapoint -2.19694 0.559056 3.447
camerapoint 0.59708 0.620321 4.628
camerapoint 0.926452 0.66393 4.767
camerapoint 1.30519 0.644907 4.829
camerapoint 2.91554 -0.523654 4.91
camerapoint -0.854691 -0.856731 4.55
camerapoint -1.38813 -0.8937 4.561
camerapoint 0.789081 -0.611 4.301
camerapoint 1.42012 -0.627794 4.272
camerapoint 1.99565 -0.710482 4.212
camerapoint 0.863453 -0.551472 4.207
camerapoint 0.50072 -0.475697 4.238
camerapoint 0.00188047 -0.421572 4.271
camerapoint -0.460658 -0.462557 4.223
camerapoint -0.863666 -0.562036 4.117
camerapoint -0.547808 -0.285359 3.86
camerapoint -1.02181 -0.200311 4.076
camerapoint -1.45818 -0.17436 4.004
camerapoint -1.71989 -0.201955 3.909
camerapoint -2.11917 -0.323912 3.832
camerapoint 1.27903 -0.826081 3.533
camerapoint 1.04166 -1.2188 4.111
camerapoint -1.51065 -0.417663 4.149
camerapoint -1.98513 -0.408787 4.175
camerapoint -2.4272 -0.497141 4.133
camerapoint -0.572291 -0.635389 4.467
camerapoint 1.1024 -0.934062 4.695
camerapoint 0.805364 -0.475501 3.171
camerapoint 1.10138 -0.0344066 3.157
camerapoint 0.00154552 0.192434 3.508
camerapoint -0.553206 0.233551 3.556
camerapoint -1.01745 0.150923 3.461
camerapoint -1.43828 0.0366477 3.373
camerapoint -1.70106 -0.0905926 3.328
camerapoint 0.130192 -0.604238 2.947
camerapoint -1.10713 -0.51408 2.954
camerapoint 1.67959 -0.362165 3.244
camerapoint 1.21765 -3.27814e-005 3.263
camerapoint 0.376386 -0.525097 3.049
camerapoint -1.29801 -0.439159 3.296
camerapoint -1.77115 -0.541404 3.199
camerapoint -2.48512 -0.845317 3.529
camerapoint -0.0434417 -0.789981 3.287
camerapoint -0.629369 -0.975069 3.51
camerapoint -0.727697 0.061597 3.756
camerapoint -1.39556 0.249456 3.669
camerapoint -2.08451 0.222472 3.386
camerapoint -1.11008 0.263164 2.689
camerapoint -0.782805 0.349301 2.848
camerapoint -0.331051 0.389067 2.962
camerapoint 0.075749 0.33073 3.017
camerapoint 0.431637 0.211077 2.966
camerapoint 0.754017 0.00806385 2.965
camerapoint 0.93975 -0.167046 2.92
camerapoint 1.47464 -0.8064 2.675
camerapoint -0.460408 1.3077 4.14
camerapoint -0.765317 1.46557 4.21
camerapoint -1.20831 1.52976 4.199
camerapoint -1.44707 1.46007 4.129
camerapoint -1.81735 1.20203 3.902
camerapoint -2.23491 0.646066 3.622
camerapoint -0.0882295 -0.718697 3.65
camerapoint -0.595213 -0.657571 3.704
camerapoint -1.03485 -0.654119 3.695
camerapoint -1.4321 -0.726694 3.612
camerapoint 0.0261244 -0.644752 3.024
camerapoint 0.75983 -0.487097 2.93
camerapoint 1.16944 -0.430421 2.827
camerapoint 1.69072 -0.422413 2.649
camerapoint -0.654941 -0.277693 3.08
camerapoint -1.02288 -0.433035 3.06
camerapoint -1.6292 -0.835356 2.932
camerapoint -0.934432 0.254258 4.231
camerapoint -1.74375 0.413389 4.224
camerapoint -2.11242 0.386432 4.177
camerapoint -2.47771 0.290351 4.082
camerapoint 0.838948 0.129641 4.311
camerapoint 1.56292 -0.838288 3.854
camerapoint 0.186174 0.0345181 4.199
camerapoint -0.2641 0.411112 4.412
camerapoint -0.623767 0.650231 4.487
camerapoint -0.955275 0.795609 4.557
camerapoint -1.46642 0.856512 4.498
camerapoint -1.74891 0.786041 4.381
camerapoint -2.0018 0.629674 4.209
camerapoint -2.14746 0.487416 4.067
camerapoint -2.3731 0.220628 3.837
camerapoint -1.82388 -0.572153 3.328
camerapoint 0.972825 -0.476357 3.428
camerapoint -0.0542129 -0.241418 3.385
camerapoint 1.59366 -0.694514 3.93
camerapoint -2.49455 -0.671694 3.618
camerapoint -0.147157 -0.458498 4.182
camerapoint -0.723507 -0.322423 4.209
camerapoint -1.80843 -0.45554 4.296
camerapoint -2.20293 -0.611843 4.238
camerapoint -2.59079 -0.856635 4.155
camerapoint -0.507486 -1.09787 4.151
camerapoint -0.559177 -0.799761 3.805
camerapoint 0.397209 -0.320085 3.077
camerapoint 0.94296 -0.346113 2.956
camerapoint 0.789677 -0.63974 2.734
camerapoint -0.599736 -0.375704 3.056
camerapoint -0.927707 -0.41296 3.158
camerapoint -1.35004 -0.521779 3.146
camerapoint 1.09769 -1.07495 3.875
camerapoint 0.163985 -0.659394 3.494
camerapoint -1.22078 -0.475882 3.43
camerapoint -1.62008 -0.479132 3.387
camerapoint -2.2122 -0.560224 3.269
camerapoint -0.0850296 0.553129 3.96
camerapoint -1.42359 -0.667457 3.317
camerapoint 1.48799 -0.838728 3.905
camerapoint 1.45615 -0.656042 3.497
camerapoint -0.480379 -0.180784 3.666
camerapoint -1.94135 -0.161151 3.476
camerapoint 1.32887 -0.328027 2.872
camerapoint 0.87011 -0.551588 2.777
camerapoint -0.508062 -0.246963 2.822
camerapoint -1.1048 -0.216596 2.844
camerapoint -0.868251 -0.67127 3.47
camerapoint -1.34142 -0.544717 3.454
camerapoint -1.81368 -0.501707 3.345
camerapoint -0.446096 -0.580995 3.484
camerapoint -0.908961 -0.381873 3.589
camerapoint -1.3062 -0.253782 3.587
camerapoint -1.71043 -0.214035 3.577
camerapoint -2.05126 -0.259033 3.512
camerapoint -2.26063 -0.337947 3.409
camerapoint 0.372458 -0.476192 4.827
camerapoint 0.874825 -0.586352 4.988
camerapoint 1.39601 -0.804664 5.272
camerapoint 1.74245 0.452676 5.197
camerapoint 0.774559 -0.386259 4.867
camerapoint -1.47912 -0.0262648 4.81
camerapoint -2.28129 -0.203009 4.664
camerapoint -2.68506 -0.403099 4.465
camerapoint 1.95644 -0.656105 5.133
camerapoint 2.48796 -0.837934 5.132
camerapoint 1.27832 -1.03661 5.847
camerapoint -0.431184 -0.901164 6.096
camerapoint -0.861078 -1.0133 6.078
camerapoint 0.262347 -0.3533 2.805
camerapoint -0.0912585 -0.355411 2.595
camerapoint -0.677187 -0.41004 2.734
camerapoint -1.20355 -0.502619 2.718
camerapoint -1.52566 -0.594612 2.683
camerapoint 1.28047 -0.937431 3.221
camerapoint 0.711829 -0.123547 3.763
camerapoint 0.986608 -0.125774 3.839
camerapoint 1.38675 -0.194978 3.771
camerapoint 1.72188 -0.342143 3.594
camerapoint 2.29708 -0.848206 3.313
camerapoint -0.282751 -0.621598 3.85
camerapoint -2.56943 -0.777134 4.163
camerapoint -1.75429 0.343106 2.916
