camerapoint -1.23337 -0.712323 2.91
camerapoint -0.587104 -0.494274 2.875
camerapoint -0.0209459 -0.368871 2.693
camerapoint 0.31094 -0.319485 2.5162
camerapoint 0.795945 -0.370467 2.3638
camerapoint 1.35116 -0.533757 1.937
camerapoint -0.298968 -0.0865644 2.5468
camerapoint -1.00353 0.16105 2.8184
camerapoint -1.58589 0.299594 2.9726
camerapoint -0.128978 0.940246 3.6804
camerapoint 0.131279 0.893729 3.6534
camerapoint 0.470113 0.737922 3.5748
camerapoint 0.790973 0.561137 3.487
camerapoint 1.10646 0.290948 3.3818
camerapoint 1.17308 -0.207691 2.3124
camerapoint 1.61972 -0.512563 2.7362
camerapoint 0.295473 -0.652031 2.912
camerapoint -0.210068 -0.096105 1.3504
camerapoint -0.95764 -0.0775487 3.5512
camerapoint -1.55171 0.107596 3.734
camerapoint -2.02995 0.192657 3.8462
camerapoint -2.52331 0.192363 3.9862
camerapoint -3.83586 0.198849 5.4874
camerapoint -1.72169 -0.738702 3.01
camerapoint -1.05402 -0.451375 2.9844
camerapoint -0.528246 -0.29459 3.026
camerapoint -0.0573953 -0.206485 3.0596
camerapoint 0.64801 -0.273096 2.9236
camerapoint 1.01843 -0.442559 2.7306
camerapoint 1.23456 -0.56994 2.6042
camerapoint -0.251183 -0.194296 2.7908
camerapoint -0.895117 0.101036 2.9898
camerapoint -1.82036 0.392506 3.2246
camerapoint -2.14498 0.42926 3.2766
camerapoint 0.756076 -0.266654 1.3556
camerapoint 0.534601 -0.327707 3.788
camerapoint -1.71261 -0.109053 4.1756
camerapoint -0.755203 -0.261933 2.57
camerapoint -1.19732 -0.089367 2.7382
camerapoint -1.78153 0.0746981 2.841
camerapoint 1.75357 0.041782 2.6194
camerapoint 0.0258602 0.0948784 2.982
camerapoint -0.626847 0.3988 2.6466
camerapoint -2.0838 1.09336 5.292
camerapoint -1.96155 0.868501 3.6294
camerapoint -2.46737 0.929457 3.7506
camerapoint 0.548206 0.309745 5.383
camerapoint 2.26239 -1.43244 4.821
camerapoint -1.13368 -0.695831 5.202
camerapoint -3.52942 -0.731715 5.082
camerapoint 0.754521 0.386712 4.2346
camerapoint 0.314881 -0.128452 1.239
camerapoint -0.407306 -0.194735 3.553
camerapoint 0.777694 0.781962 3.6048
camerapoint 1.21132 0.712273 3.5586
camerapoint 1.99644 0.229427 3.1194
camerapoint -2.02015 -0.639217 3.1442
camerapoint -0.933669 -0.142269 3.57
camerapoint -0.306804 -0.0656963 3.628
camerapoint 0.709456 -0.184283 3.547
camerapoint 1.13107 -0.33615 3.3738
camerapoint 1.50031 -0.552536 3.2036
camerapoint 1.74178 -0.719996 3.1588
camerapoint -1.56297 0.418694 4.052
camerapoint -0.561032 0.394789 2.4534
camerapoint -0.44326 0.581965 3.1914
camerapoint 0.843698 0.666331 3.397
camerapoint 1.08976 0.570893 3.279
camerapoint 0.0912807 -0.356633 2.9848
camerapoint -0.715863 -0.154843 3.4532
camerapoint -1.92038 -0.0281242 3.9708
camerapoint -2.42629 -0.0971606 4.1352
camerapoint -2.7333 -0.173888 4.22
camerapoint -1.24548 -0.477162 4.17
camerapoint -0.414118 -0.211567 4.2872
camerapoint 0.668204 -0.023674 4.3152
camerapoint 0.948131 0.683167 3.1004
camerapoint 1.4998 0.843059 3.8004
camerapoint 2.57781 -0.707546 4.3364
camerapoint -1.90403 -0.183446 3.2604
camerapoint 0.944693 0.324563 2.9364
camerapoint 1.45525 0.202004 2.8114
camerapoint 1.74966 0.102388 2.7024
camerapoint -0.63494 0.0445156 2.91
camerapoint -1.49378 0.156609 3.2736
camerapoint 3.64053 3.39608 7.286
camerapoint -0.096983 0.577077 4.0062
camerapoint 0.329583 0.385292 3.741
camerapoint 0.573252 0.184089 3.5404
camerapoint 0.76113 -0.0894088 3.272
camerapoint 1.07546 -0.644567 2.8024
camerapoint -0.249749 -0.78221 2.8236
camerapoint -1.68178 -0.339168 3.2436
camerapoint -1.93976 -0.334832 3.2562
camerapoint -0.350566 -0.0892152 0.7288
camerapoint -0.658576 -0.171448 3.136
camerapoint -0.357419 -0.182957 4.0188
camerapoint 0.0452865 -0.239502 3.968
camerapoint 1.35839 -1.14839 3.6848
camerapoint -0.0681075 -1.03965 3.6516
camerapoint -1.24173 -0.668112 3.8724
camerapoint -2.16746 -0.534319 3.917
camerapoint -0.928932 -0.530508 2.409
camerapoint 0.909376 -1.32371 4.446
camerapoint -1.16689 0.039274 4.0058
camerapoint -1.80006 0.142824 3.9214
camerapoint -1.01632 0.0464036 1.534
camerapoint -1.98913 0.455427 3.1666
camerapoint -1.56768 0.501218 3.0678
camerapoint -0.958288 0.433718 2.867
camerapoint -0.663493 0.309665 2.768
camerapoint -0.353711 0.0768737 2.463
camerapoint -0.167219 -0.0893001 2.3598
camerapoint 0.0573485 -0.386095 2.0634
camerapoint 0.189414 -0.515834 2.7104
camerapoint -1.17798 -0.0422122 3.3694
camerapoint -2.36324 -0.119942 3.5096
camerapoint -1.92703 0.177194 3.832
camerapoint -0.70293 0.803756 4.035
camerapoint -0.350491 0.893241 4.1602
camerapoint 0.191367 0.843016 4.0796
camerapoint 0.470155 0.688562 3.9484
camerapoint 0.728664 0.504708 3.802
camerapoint 0.946973 0.228843 3.647
camerapoint -0.438928 -0.471133 3.5
camerapoint -1.06283 -0.21693 3.6834
camerapoint -1.6316 -0.0598318 3.9262
camerapoint -2.08303 0.00429721 3.968
camerapoint -2.52385 -0.0110696 4.025
camerapoint -1.74323 -0.666286 3.889
camerapoint -0.241005 -0.52671 3.957
camerapoint 0.792334 -0.654192 3.968
camerapoint -1.96601 -0.712472 2.921
camerapoint -1.35176 -0.980648 3.2286
camerapoint -0.766474 -0.826872 3.2798
camerapoint -0.262266 -0.762469 3.285
camerapoint 0.019047 -0.775808 3.228
camerapoint 0.422192 -0.869041 3.1386
camerapoint -0.368966 -0.749616 3.231
camerapoint -1.53608 -0.133651 3.5616
camerapoint -2.41915 0.114249 3.787
camerapoint -0.376396 -0.671513 2.4306
camerapoint -1.46356 -0.302735 2.5542
camerapoint -0.473934 0.0107708 3.945
camerapoint 0.2896 -0.13147 4.1314
camerapoint 1.14163 -0.599008 4.1014
camerapoint 1.61716 -1.13298 3.9064
camerapoint -1.25367 -0.863708 3.8918
camerapoint -0.713483 -0.306087 1.5628
camerapoint -2.51555 -0.685401 3.9566
camerapoint -1.42526 -0.515548 4.066
camerapoint 2.14211 -1.08914 4.363
camerapoint 2.04218 -0.838283 3.3264
camerapoint 1.73339 -0.545069 3.1094
camerapoint 1.43873 -0.339947 2.749
camerapoint 1.14214 -0.242798 2.3866
camerapoint 0.92928 -0.220375 2.057
camerapoint 0.776999 -0.216958 1.8302
camerapoint 0.561279 -0.336393 1.473
camerapoint -0.602477 -0.647989 2.3352
camerapoint -1.80639 -1.16754 4.1002
camerapoint -1.80944 -0.339653 4.164
camerapoint -0.813435 0.179306 4.2588
camerapoint -0.330773 0.353548 4.2438
camerapoint 0.709175 0.348329 3.9318
camerapoint 0.943542 0.272997 3.8766
camerapoint 1.22778 0.0948867 3.6318
camerapoint -1.29182 -0.0865873 4.179
camerapoint -1.98158 0.00474912 4.4218
camerapoint -1.5925 -2.82935e-005 2.8092
camerapoint 0.0345508 0.557477 3.991
camerapoint 1.05275 0.560591 3.5742
camerapoint 1.99092 0.201503 3.14
camerapoint -1.28075 -0.0778617 3.4056
camerapoint -1.39409 0.974907 3.8314
camerapoint -1.15025 0.964673 3.7818
camerapoint -0.810752 0.909389 3.638
camerapoint -0.519858 0.777231 3.5514
camerapoint -0.315139 0.651861 3.407
camerapoint -0.0682535 0.396944 3.1776
camerapoint 0.157598 0.113479 2.9986
camerapoint 0.351429 -0.197518 2.6322
camerapoint 0.417354 -0.447776 1.9112
camerapoint -0.300757 -0.505241 2.4028
camerapoint -0.51186 -0.172797 2.0424
camerapoint -1.01809 -0.0193723 2.7346
camerapoint -1.33878 0.0765462 2.816
camerapoint -1.51843 0.103816 2.8032
camerapoint -1.80465 0.092218 2.8512
camerapoint -1.28813 0.710951 3.2048
camerapoint -1.41373 1.38912 4.912
camerapoint -0.459541 0.668183 2.0646
camerapoint 0.276716 1.05396 3.3246
camerapoint 0.413655 0.949856 3.289
camerapoint 0.244883 0.277361 1.2116
camerapoint 0.790872 0.408989 2.8974
camerapoint 1.09667 -0.318871 2.4128
camerapoint 1.13634 -0.561678 2.2134
camerapoint -1.43043 -0.782457 2.8044
camerapoint -0.708767 -0.727743 3.218
camerapoint -1.51966 0.295313 4.1122
camerapoint -0.746044 0.333632 4.207
camerapoint -0.400949 0.28907 4.3232
camerapoint -0.104313 0.117965 4.301
camerapoint 0.163739 -0.104945 4.1556
camerapoint 0.578948 -0.602924 3.9108
camerapoint 0.707291 -0.826041 3.8052
camerapoint -0.898832 -0.242857 3.706
camerapoint -0.00884964 -0.200352 3.843
camerapoint 0.256752 -0.351304 3.8142
camerapoint 0.420821 -0.427755 3.008
camerapoint 0.68803 -0.692499 3.699
camerapoint -0.771798 -0.533441 3.1866
camerapoint -1.38822 -0.370019 3.3192
camerapoint -1.90659 -0.310435 3.345
camerapoint 1.23638 -0.0861625 2.9884
camerapoint 1.72746 -0.224442 2.8686
camerapoint 0.984863 -0.169181 1.386
camerapoint 0.238674 -0.418888 3.606
camerapoint -1.45957 -0.209136 4.1304
camerapoint -2.26349 -0.26383 4.2482
camerapoint 1.34419 1.49118 3.793
camerapoint 0.343999 -0.0493606 0.6472
camerapoint 0.384206 0.044632 2.912
camerapoint -1.53836 0.36561 3.9546
camerapoint -1.66355 -0.545569 3.2516
camerapoint -1.79343 -0.170508 2.825
camerapoint -1.35052 0.0248626 2.6916
camerapoint -0.791595 0.224347 2.4668
camerapoint -0.337279 0.328074 2.3344
camerapoint 0.0818028 0.338488 2.1104
camerapoint 0.327929 0.292592 1.8596
camerapoint -0.798057 0.0304731 1.8692
camerapoint -1.48004 0.213507 2.2422
camerapoint 0.492644 0.423665 1.7896
camerapoint 2.14443 -0.0887066 3.8726
camerapoint 2.29284 -0.485826 3.5782
camerapoint 2.33548 -0.734636 3.346
camerapoint -0.874657 -0.306825 4.2202
camerapoint -1.18659 -0.205846 3.4368
camerapoint 0.319182 1.26885 4.475
camerapoint 0.683205 1.1825 4.2394
camerapoint 0.478569 0.381399 1.6116
camerapoint 0.583872 0.293681 1.5432
camerapoint 2.05214 -0.234554 3.0636
camerapoint -1.73151 -0.059653 4.3836
camerapoint -2.40367 -0.119116 4.5546
camerapoint 0.850947 2.02088 4.396
camerapoint -1.45338 0.207529 3.9326
camerapoint -2.56588 0.128345 4.269
camerapoint -2.00936 -0.795769 3.081
camerapoint -0.0841138 0.15597 3.4686
camerapoint 0.810397 -0.0176191 3.221
camerapoint 0.970303 -0.142859 2.9798
camerapoint 1.38116 -0.569452 2.6638
camerapoint -0.304879 -0.816401 2.88
camerapoint -1.41444 -0.837439 3.172
camerapoint -1.58125 -0.322028 3.3256
camerapoint -0.149514 0.184353 3.056
camerapoint 0.222106 0.250209 2.9836
camerapoint -1.10881 -0.657351 3.24
camerapoint -1.8465 -0.89305 3.4322
camerapoint -1.82218 0.111146 3.9322
camerapoint -1.26779 0.624913 4.0002
camerapoint -0.992183 0.784288 3.9656
camerapoint -0.547037 0.887987 3.7252
camerapoint -0.301884 0.847676 3.5856
camerapoint -0.0774735 0.73881 3.4394
camerapoint 0.246615 0.376099 2.986
camerapoint 0.419292 0.0879832 2.6794
camerapoint 0.547198 -0.226361 2.3814
camerapoint 0.710909 -0.600858 2.1582
camerapoint -0.110702 0.189192 1.3552
camerapoint 0.348206 0.492703 3.335
camerapoint 0.673785 0.363093 3.181
camerapoint 0.861865 0.244624 3.094
camerapoint 1.69199 -0.666048 2.4394
camerapoint 0.242419 -0.411801 1.6416
camerapoint -1.19997 -0.717648 3.283
camerapoint -1.6646 -0.213714 3.3282
camerapoint -0.420216 -0.0297839 3.0176
camerapoint -0.12837 -0.0405522 2.954
camerapoint 0.310285 -0.128181 2.751
camerapoint 1.06623 -0.470413 2.198
camerapoint -0.297802 -0.295536 0.9972
camerapoint -0.280519 -0.720319 2.4038
camerapoint -1.57121 -0.70689 2.624
camerapoint 1.79417 -0.776652 3.008
camerapoint -0.244131 0.490949 3.0936
camerapoint 1.74979 -0.295242 3.224
camerapoint 1.98597 -0.643217 2.9236
camerapoint -1.20538 -0.659911 2.7378
camerapoint -0.480685 -0.718546 2.528
camerapoint 0.866153 0.710138 2.1418
camerapoint -0.18215 0.316141 2.0272
camerapoint -1.07532 0.51655 1.9674
camerapoint 0.394484 0.279492 3.19
camerapoint 1.05142 0.00324606 3.0138
camerapoint 1.42159 -0.332972 2.8056
camerapoint 1.61795 -0.613942 2.5998
camerapoint -0.0354878 -0.0146305 0.5924
camerapoint -0.509994 0.400953 1.7544
camerapoint -0.534657 0.535748 2.5524
camerapoint -0.556355 0.76055 4.2558
camerapoint -0.271243 0.518797 4.154
camerapoint -0.0644103 0.263186 3.1996
camerapoint 0.168262 -3.84472e-005 3.795
camerapoint 0.414931 -0.370083 3.5944
camerapoint 0.522096 -0.609563 3.4648
camerapoint 0.537539 0.89011 3.511
camerapoint 0.668837 0.626383 2.7546
camerapoint 1.97423 -0.19534 2.9032
camerapoint -0.438331 -0.255771 2.0364
camerapoint -1.25633 0.169226 4.1964
camerapoint 0.114378 0.162078 4.1032
camerapoint 0.372103 0.0762091 3.973
camerapoint 0.748536 -0.117172 3.825
camerapoint 1.09333 -0.345306 3.6624
camerapoint 1.68382 -1.00236 3.2558
camerapoint -0.652225 -0.0284009 1.4916
camerapoint 0.617584 0.394946 4.245
camerapoint 1.03597 0.202123 4.2556
camerapoint 1.27068 0.0342508 4.194
camerapoint 2.09648 -0.924545 3.585
camerapoint 1.6801 -0.409391 2.8002
camerapoint 1.94927 -0.624012 2.729
camerapoint 0.681475 0.586443 3.6406
camerapoint 1.95341 -0.568446 2.9406
camerapoint -1.53675 2.69465 7.08
camerapoint 1.47352 0.493135 3.462
camerapoint 1.80944 -0.0139388 3.1868
camerapoint 2.25805 -0.872714 3.1496
camerapoint -0.424976 -0.368949 3.763
camerapoint 0.684629 -0.416743 3.7186
camerapoint 1.55811 -0.765182 3.4468
camerapoint 1.85681 -0.976249 3.2762
camerapoint -2.5775 0.176946 4.3168
camerapoint -0.233659 0.366149 2.0928
camerapoint 1.73805 0.271777 2.6408
camerapoint 0.864269 0.217794 3.0726
camerapoint 2.39504 -0.881474 4.3376
camerapoint -2.14224 -1.10804 4.249
camerapoint -0.420696 -0.58227 4.2886
camerapoint 0.360307 -0.611968 4.1714
camerapoint 0.767273 -0.726181 4.0074
camerapoint 1.13067 -0.912409 3.8286
camerapoint 1.34979 -1.06935 3.6894
camerapoint -1.1021 0.852457 4.7096
camerapoint 0.83002 0.163434 3.987
camerapoint 1.15128 -0.142579 3.9046
camerapoint 1.58697 -0.858391 3.3454
camerapoint -0.0229938 0.917515 4.5716
camerapoint 0.905951 0.28973 4.242
camerapoint 1.19135 -0.0267091 4.0776
camerapoint 1.58053 -0.643672 3.699
camerapoint -0.471688 -0.0231423 4.214
camerapoint 0.350019 -0.195213 4.0452
camerapoint 0.701213 -0.365807 3.9116
camerapoint 1.38332 -1.03028 3.4556
camerapoint 0.0106757 -0.643927 3.363
camerapoint -0.674852 -0.426567 2.4096
camerapoint -2.36302 -0.156425 4.417
camerapoint -1.26988 0.229096 4.204
camerapoint 0.139768 0.367751 4.192
camerapoint 0.61537 0.091224 2.2302
camerapoint 1.97303 -0.604093 3.1106
camerapoint -2.32772 -0.823336 3.643
camerapoint 0.275091 -4.2044e-005 4.151
camerapoint 2.05179 -0.796908 3.5952
camerapoint -1.80139 0.223197 3.505
camerapoint -0.775277 0.450523 3.557
camerapoint -0.282576 0.490805 3.629
camerapoint 0.841812 0.152777 3.112
camerapoint 1.59688 -0.475838 2.6464
camerapoint 1.71548 -0.683064 2.436
camerapoint 1.34001 -0.81122 2.9084
camerapoint -0.411193 -0.869628 3.5184
camerapoint -1.68916 -0.0483225 3.863
camerapoint -0.156905 -0.0494552 2.883
camerapoint 0.151289 -0.116994 2.0316
camerapoint 1.07309 -0.787091 2.8776
camerapoint 0.191958 0.77179 4.09
camerapoint 1.99235 -0.510006 3.1804
camerapoint 2.16408 -0.774493 3.0658
camerapoint -1.87563 0.0861046 3.7712
camerapoint 0.451377 0.0879696 3.569
camerapoint 0.853638 -0.119154 3.357
camerapoint 1.63151 -0.756616 2.8894
camerapoint -1.53912 0.153133 3.1644
camerapoint 0.0435937 0.266929 4.465
camerapoint 0.830607 -0.536433 4.214
camerapoint 0.975895 -0.77486 4.108
camerapoint -1.47607 0.0652683 3.001
camerapoint -0.502163 -0.147253 2.893
camerapoint -0.111427 -0.330139 2.938
camerapoint 0.284072 -0.58365 2.7256
camerapoint -1.98861 0.653463 3.628
camerapoint 1.58184 -0.354444 2.587
camerapoint 1.80632 -0.90251 3.0992
camerapoint 0.201322 -0.0525308 0.8364
camerapoint 1.05148 0.204551 1.696
camerapoint -0.0638914 0.0917207 1.9672
camerapoint -1.58839 -0.153282 3.523
camerapoint 0.525941 0.0136118 3.546
camerapoint 1.73718 -0.432686 3.1342
camerapoint -0.412379 0.0614505 3.739
camerapoint 0.823168 0.0296591 3.623
camerapoint 1.82582 -0.4022 3.159
camerapoint 2.06822 -0.550178 3.0618
camerapoint -1.37148 -0.201513 3.279
camerapoint -1.73393 0.128455 3.5252
camerapoint -1.00885 0.190049 3.668
camerapoint 0.179078 0.114751 3.804
camerapoint 0.827756 -0.102802 3.6874
camerapoint 1.67583 -0.680557 3.3038
camerapoint -1.02205 0.136428 3.4766
camerapoint -0.637992 0.139509 3.542
camerapoint -0.0546634 0.0118349 1.4396
camerapoint 0.325696 -0.110008 3.5824
camerapoint 0.601769 -0.261082 3.483
camerapoint 0.782463 -0.421282 2.8112
camerapoint 0.116373 1.79343 3.835
camerapoint 0.88498 0.964639 3.315
camerapoint 1.45545 -0.518799 2.285
camerapoint -0.258427 -0.587753 2.67
camerapoint -1.10429 -0.557317 2.7852
camerapoint -2.5812 -0.898418 3.664
camerapoint -1.87367 0.527543 4.451
camerapoint -1.36908 0.709388 4.6192
camerapoint -1.14426 0.685159 4.6196
camerapoint -0.636093 0.312905 4.4648
camerapoint -0.466728 0.0235051 4.2956
camerapoint -0.169884 -0.637114 3.9186
camerapoint -1.49273 -0.394184 3.7746
camerapoint -2.69306 0.465735 4.023
camerapoint -0.0189468 0.298677 3.756
camerapoint 0.134767 0.0568819 1.4824
camerapoint 0.550186 -0.0738227 3.6426
camerapoint -0.847215 -0.0584903 1.5324
camerapoint -0.133966 0.0149152 0.779
camerapoint -0.164493 -0.0166656 3.7852
camerapoint 0.550384 -0.253632 3.6192
camerapoint -2.10175 -0.349587 3.68
camerapoint -0.0798929 -0.373053 3.7176
camerapoint 0.89837 -0.868558 3.469
camerapoint -1.90448 -0.556514 3.8144
camerapoint 1.51201 -0.822879 2.9428
camerapoint -1.00789 -0.706414 2.812
camerapoint 0.226376 -0.672746 2.6624
camerapoint -1.6507 0.158419 4.162
camerapoint -0.651409 0.271554 4.277
camerapoint -0.0686527 0.239823 4.2858
camerapoint 0.27485 0.190561 4.29
camerapoint 0.591185 0.0460367 3.3672
camerapoint 0.230766 -0.0293735 0.8282
camerapoint -1.35056 -0.284741 4.0844
camerapoint 0.094259 -0.450512 4.214
camerapoint 0.588908 -0.63508 4.1778
camerapoint 0.873748 -0.772311 4.1518
camerapoint -1.33353 -0.221875 3.8806
camerapoint 0.368712 0.350215 3.8278
camerapoint 0.774845 0.123672 3.771
camerapoint 1.81224 -0.909909 3.2568
camerapoint -1.27212 0.0912083 3.493
camerapoint 0.00173579 0.190182 3.9396
camerapoint -1.68301 -0.205367 3.1954
camerapoint -0.458147 0.282056 2.4008
camerapoint 0.0923509 0.228325 3.0174
camerapoint 0.920982 -0.174157 2.9056
camerapoint 1.54044 -0.751607 2.6306
camerapoint -2.17441 0.125843 3.267
camerapoint -1.66133 0.51075 3.3758
camerapoint -1.36447 0.744164 4.966
camerapoint -0.149879 0.218255 3.134
camerapoint 0.175083 -0.021541 3.0162
camerapoint 0.283738 -0.174522 1.7244
camerapoint -0.632452 -0.0443677 2.8986
camerapoint -1.24282 0.393067 3.3152
camerapoint -1.54496 0.589095 3.3846
camerapoint -1.98032 0.806294 3.5534
camerapoint 0.714806 0.710423 2.8496
camerapoint 1.18663 0.471249 2.6746
camerapoint 1.55774 0.0917052 2.312
camerapoint -1.63408 0.495889 3.2296
camerapoint -3.70226 0.922438 5.2768
camerapoint -1.15841 1.22371 3.555
camerapoint -0.466846 0.693153 2.0724
camerapoint 0.269902 0.458228 2.888
camerapoint 0.699834 -0.219286 2.3528
camerapoint 0.846791 -0.509915 2.191
camerapoint -0.513798 -0.158364 2.8104
camerapoint -0.318514 -0.294483 2.2904
camerapoint -1.72274 0.0559897 3.2136
camerapoint -2.12339 0.0870491 3.162
camerapoint -0.167846 1.74647 4.8042
camerapoint 0.194137 0.595033 4.1314
camerapoint 0.286658 0.179382 3.849
camerapoint 0.415457 -0.587023 3.4414
camerapoint 0.298092 0.590634 1.5408
camerapoint 1.03887 0.75473 2.476
camerapoint 1.32909 0.510865 2.3528
camerapoint 1.492 0.326752 2.2542
camerapoint 0.0329206 0.218696 3.797
camerapoint -1.7542 0.7917 3.145
camerapoint -1.30352 0.398312 4.1318
camerapoint -0.34231 0.367912 4.331
camerapoint 1.10092 -0.240467 4.196
camerapoint -0.327506 0.0792266 3.0764
camerapoint 1.27259 -0.697097 2.9322
camerapoint 0.134964 -0.293407 1.1208
camerapoint -0.417674 0.458437 2.892
camerapoint 1.16362 0.0610092 2.6724
camerapoint 1.51402 -0.170427 2.5338
camerapoint 0.720723 -0.227467 3.5554
camerapoint 1.21244 -0.401849 3.3876
camerapoint 0.29128 1.24311 3.415
camerapoint 1.09917 1.1493 3.3926
camerapoint -1.83131 -0.210708 3.1356
camerapoint 0.154818 0.344843 3.495
camerapoint 1.23146 0.120941 3.3684
camerapoint 0.411861 -0.549589 2.891
camerapoint 0.894327 -0.698294 2.7148
camerapoint -1.02655 0.0676027 3.5438
camerapoint 2.02222 -0.0939789 3.235
camerapoint 0.405265 -0.26847 3.6834
camerapoint 1.85012 -0.640531 3.422
camerapoint -0.792389 -0.120743 2.1132
camerapoint 1.04785 0.142099 3.6202
camerapoint 1.96503 -0.39456 3.3086
camerapoint 0.4654 -0.808828 3.0408
camerapoint 1.12992 -0.926558 3.0204
camerapoint -1.68753 0.0317657 3.4386
camerapoint 0.682392 0.470997 1.5164
camerapoint 0.795811 0.0653793 3.421
camerapoint 2.0806 -0.601076 2.917
camerapoint -0.465537 1.57328 4.0916
camerapoint 0.452839 1.03565 3.762
camerapoint 0.663526 0.729489 3.5378
camerapoint 0.989439 -0.0133285 3.0484
camerapoint -1.58679 0.501238 3.3754
camerapoint -2.01954 0.614078 3.3976
camerapoint 1.07473 -1.12389 4.0664
camerapoint -0.565248 -0.678723 2.4772
camerapoint 1.86465 -0.562338 3.031
camerapoint 0.832402 -1.11434 4.2354
camerapoint -0.262045 -0.0475133 0.8304
camerapoint 0.105473 -0.0373868 3.7832
camerapoint 2.09565 -0.547109 3.6678
camerapoint -1.16387 0.0869937 2.9628
camerapoint -0.391312 0.194616 3.0898
camerapoint 1.32306 -0.0115793 3.031
camerapoint 2.04006 -0.349081 2.9488
camerapoint -2.00626 -0.731235 2.9392
camerapoint -1.64419 0.576011 3.8808
camerapoint -1.29602 0.602188 3.8964
camerapoint -1.03926 0.499607 3.819
camerapoint -0.621657 0.291223 2.9616
camerapoint -0.604781 0.142612 3.6684
camerapoint -0.408292 -0.166576 3.4148
camerapoint -0.138319 -0.744213 3.0088
camerapoint -1.23852 -0.23774 3.795
camerapoint -1.55402 0.0710898 4.0852
camerapoint -2.28377 0.0671795 3.4944
camerapoint 0.866451 -0.0641397 3.5588
camerapoint 1.92833 -0.202155 3.1276
camerapoint 0.67566 0.0786268 3.424
camerapoint 1.95578 -0.474382 2.9452
camerapoint 0.689869 -0.540481 3.7056
camerapoint -0.112106 -0.573847 3.4596
camerapoint 0.476541 -0.727167 3.1
camerapoint 0.0746029 -0.06142 0.5904
camerapoint 1.26012 -0.639628 2.6572
camerapoint -1.75954 0.0694174 3.0282
camerapoint 0.819082 -0.0511483 3.342
camerapoint 1.49531 -0.453465 3.1096
camerapoint 1.82393 -0.770762 2.9324
camerapoint -1.37376 -1.14137 4.266
camerapoint -0.144291 -0.926556 4.867
camerapoint 0.35267 -1.0246 4.933
camerapoint 0.692921 -1.18655 4.9652
camerapoint -0.872437 -0.853995 3.689
camerapoint -0.112345 -0.764851 3.4726
camerapoint 0.035206 0.206439 3.085
camerapoint 0.512309 0.108659 2.9642
camerapoint 0.946882 -0.0819381 2.8372
camerapoint 1.60222 -0.550102 2.3244
camerapoint -1.47285 -0.263553 3.3894
camerapoint 0.67192 -0.4059 3.2734
camerapoint 1.16165 -0.605022 3.1516
camerapoint 0.990205 -0.76186 3.2342
camerapoint -0.627523 0.154934 3.333
camerapoint -0.0625154 0.0487702 3.0636
camerapoint 0.696001 -0.197891 2.8096
camerapoint -2.6921 -0.0508798 4.656
camerapoint -0.591148 -0.602586 3.5966
camerapoint -0.970274 -0.668436 2.8584
